1 0 3
0 0 0
9 0 0
NEW LINE
67 00 00 00 51 00 00 00 15
00 00 00 61 00 53 00 00 00
00 00 73 00 00 00 47 00 00
00 71 00 00 00 00 00 19 00
77 00 00 00 00 00 00 00 11
00 79 00 00 00 00 00 09 00
00 00 39 00 00 00 23 00 00
00 00 00 29 00 25 00 00 00
35 00 00 00 27 00 00 00 03
NEW LINE
55 56 59 60 61 62 79 78 77
54 00 00 00 00 00 00 00 76
53 00 00 00 00 00 00 00 75
42 00 00 00 00 00 00 00 74
41 00 00 00 00 00 00 00 73
38 00 00 00 00 00 00 00 72
37 00 00 00 00 00 00 00 71
34 00 00 00 00 00 00 00 08
33 32 31 22 21 04 05 06 07
NEW LINE
73 74 81 50 49 46 45 10 11
72 00 00 00 00 00 00 00 12
71 00 00 00 00 00 00 00 13
70 00 00 00 00 00 00 00 14
69 00 00 00 00 00 00 00 15
66 00 00 00 00 00 00 00 20
65 00 00 00 00 00 00 00 21
62 00 00 00 00 00 00 00 26
61 60 59 32 31 30 29 28 27
NEW LINE
101 000 000 000 000 000 000 000 000 000 000 022
000 000 094 095 000 000 000 000 032 027 000 000
000 098 000 000 000 084 083 000 000 000 025 000
000 105 000 107 000 000 000 000 036 000 018 000
000 000 000 000 000 000 000 000 000 000 000 000
000 000 118 000 000 077 078 000 000 039 000 000
000 000 119 000 000 076 075 000 000 042 000 000
000 000 000 000 000 000 000 000 000 000 000 000
000 132 000 122 000 000 000 000 003 000 007 000
000 131 000 000 000 069 052 000 000 000 010 000
000 000 125 126 000 000 000 000 055 056 000 000
144 000 000 000 000 000 000 000 000 000 000 059