1 0 3
0 0 0
9 0 0
NEW LINE
67 00 00 00 51 00 00 00 15
00 00 00 61 00 53 00 00 00
00 00 00 00 00 00 00 00 00
00 71 00 00 00 00 00 19 00
77 00 00 00 00 00 00 00 11
00 79 00 00 00 00 00 09 00
00 00 00 00 00 00 00 00 00
00 00 00 29 00 25 00 00 00
35 00 00 00 27 00 00 00 03
NEW LINE
000 000 000 000 000 000 000 000 000 000 000 000
000 000 094 095 000 000 000 000 032 027 000 000
000 098 000 000 000 084 083 000 000 000 025 000
000 105 000 107 000 000 000 000 036 000 018 000
000 000 000 000 000 000 000 000 000 000 000 000
000 000 118 000 000 000 000 000 000 039 000 000
000 000 119 000 000 000 000 000 000 042 000 000
000 000 000 000 000 000 000 000 000 000 000 000
000 132 000 122 000 000 000 000 003 000 007 000
000 131 000 000 000 069 052 000 000 000 010 000
000 000 125 126 000 000 000 000 055 056 000 000
000 000 000 000 000 000 000 000 000 000 000 000